0.95
1. 0.85
2. 0.75
3. 0.90
4. 0.80
5. 0.90
6. 0.80
7. 0.80
8. 0.80
9. 0.85
10. 0.92
11. 0.88
12. 0.78
13. 0.75
14. 0.85
15. 0.80
16. 0.95
17. 0.82
18. 0.75
19. 0.78
20. 0.88
21. 0.85
22. 0.93
23. 0.90
24. 0.87
25. 0.82
26. 0.90
27. 0.80
28. 0.93
29. 0.85
30. 0.88
31. 0.90
32. 0.80
33. 0.93
34. 0.92
35. 0.95
36. 0.90
37. 0.88
38. 0.90
39. 0.85
40. 0.93
41. 0.93
42. 0.90
43. 0.90
44. 0.92
45. 0.95
46. 0.85
47. 0.93
48. 0.93
49. 0.90
50. 0.80
51. 0.85
52. 0.90
53. 0.93
54. 0.93
55. 0.95
56. 0.85
57. 0.93
58. 0.93
59. 0.90
60. 0.92
61. 0.95
62. 0.85
63. 0.93
64. 0.93
65. 0.90
66. 0.92
67. 0.95
68. 0.85
69. 0.93
70. 0.93
71. 0.90
72. 0.92
73. 0.95
74. 0.85
75. 0.93
76. 0.93
77. 0.90
78. 0.92
79. 0.95
80. 0.85
81. 0.93
82. 0.93
83. 0.90
84. 0.92
85. 0.95
86. 0.85
87. 0.93
88. 0.93
89. 0.90
90. 0.92
91. 0.95
92. 0.85
93. 0.93
94. 0.93
95. 0.90
96. 0.92
97. 0.95
98. 0.85
99. 0.93
100. 0.93
101. 0.90
102. 0.92
103. 0.95
104. 0.85
105. 0.93
106. 0.93
107. 0.90
108. 0.92
109. 0.95
110. 0.85
111. 0.93
112. 0.93
113. 0.90
114. 0.92
115. 0.95
116. 0.85
117. 0.93
118. 0.93
119. 0.90
120. 0.92
121. 0.95
122. 0.85
123. 0.93
124. 0.93
125. 0.90
126. 0.92
127. 0.95
128. 0.85
129. 0.93
130. 0.93
131. 0.90
132. 0.92
133. 0.95
134. 0.85
135. 0.93
136. 0.93
137. 0.90
138. 0.92
139. 0.95
140. 0.85
141. 0.93
142. 0.93
143. 0.90
144. 0.92
145. 0.95
146. 0.85
147. 0.93
148. 0.93
149. 0.90
150. 0.92
151. 0.95
152. 0.85
153. 0.93
154. 0.93
155. 0.90
156. 0.92
157. 0.95
158. 0.85
159. 0.93
160. 0.93
161. 0.90
162. 0.92
163. 0.95
164. 0.85
165. 0.93
166. 0.93
167. 0.90
168. 0.92
169. 0.95
170. 0.85
171. 0.93
172. 0.93
173. 0.90
174. 0.92
175. 0.95
176. 0.85
177. 0.93
178. 0.93
179. 0.90
180. 0.92
181. 0.95
182. 0.85
183. 0.93
184. 0.93
185. 0.90
186. 0.92
187. 0.95
188. 0.85
189. 0.93
190. 0.93
191. 0.90
192. 0.92
193. 0.95
194. 0.85
195. 0.93
196. 0.93
197. 0.90
198. 0.92
199. 0.95
200. 0.85
201. 0.93
202. 0.93
203. 0.90
204. 0.92
205. 0.95
206. 0.85
207. 0.93
208. 0.93
209. 0.90
210. 0.92
211. 0.95
212. 0.85
213. 0.93
214. 0.93
215. 0.90
216. 0.92
217. 0.95
218. 0.85
219. 0.93
220. 0.93
221. 0.90
222. 0.92
223. 0.95
224. 0.85
225. 0.93
226. 0.93
227. 0.90
228. 0.92
229. 0.95
230. 0.85
231. 0.93
232. 0.93
233. 0.90
234. 0.92
235. 0.95
236. 0.85
237. 0.93
238. 0.93
239. 0.90
240. 0.92
241. 0.95
242. 0.85
243. 0.93
244. 0.93
245. 0.90
246. 0.92
247. 0.95
248. 0.85
249. 0.93
250. 0.93
251. 0.90
252. 0.92
253. 0.95
254. 0.85
255. 0.93
256. 0.93
257. 0.90
258. 0.92
259. 0.95
260. 0.85
261. 0.93
262. 0.93
263. 0.90
264. 0.92
265. 0.95
266. 0.85
267. 0.93
268. 0.93
269. 0.90
270. 0.92
271. 0.95
272. 0.85
273. 0.93
274. 0.93
275. 0.90
276. 0.92
277. 0.95
278. 0.85
279. 0.93
280. 0.93
281. 0.90
282. 0.92
283. 0.95
284. 0.85
285. 0.93
286. 0.93
287. 0.90
288. 0.92
289. 0.95
290. 0.85
291. 0.93
292. 0.93
293. 0.90
294. 0.92
295. 0.95
296. 0.85
297. 0.93
298. 0.93
299. 0.90
300. 0.92
301. 0.95
302. 0.85
303. 0.93
304. 0.93
305. 0.90
306. 0.92
307. 0.95
308. 0.85
309. 0.93
310. 0.93
311. 0.90
312. 0.92
313. 0.95
314. 0.85
315. 0.93
316. 0.93
317. 0.90
318. 0.92
319. 0.95
320. 0.85
321. 0.93
322. 0.93
323. 0.90
324. 0.92
325. 0.95
326. 0.85
327. 0.93
328. 0.93
329. 0.90
330. 0.92
331. 0.95
332. 0.85
333. 0.93
334. 0.93
335. 0.90
336. 0.92
337. 0.95
338. 0.85
339. 0.93
340. 0.93
341. 0.90
342. 0.92
343. 0.95
344. 0.85
345. 0.93
346. 0.93
347. 0.90
348. 0.92
349. 0.95
350. 0.85
351. 0.93
352. 0.93
353. 0.90
354. 0.92
355. 0.95
356. 0.85
357. 0.93
358. 0.93
359. 0.90
360. 0.92
361. 0.95
362. 0.85
363. 0.93
364. 0.93
365. 0.90
366. 0.92
367. 0.95
368. 0.85
369. 0.93
370. 0.93
371. 0.90
372. 0.92
373. 0.95
374. 0.85
375. 0.93
376. 0.93
377. 0.90
378. 0.92
379. 0.95
380. 0.85
381. 0.93
382. 0.93
